chr1	200042183	200042184	1.0	39	5	0.1282051282051282	A
chr1	200042184	200042185	1.0	39	5	0.1282051282051282	G
chr1	200000922	200000923	1.0	38	4	0.13157894736842105	G
chr1	200000936	200000937	1.0	40	7	0.175	A
chr1	200074774	200074775	1.0	48	4	0.08333333333333333	A
chr1	200106062	200106063	1.0	43	6	0.16279069767441862	C
chr1	200133556	200133557	1.0	89	15	0.25842696629213485	C
chr1	200133562	200133563	1.0	94	12	0.2872340425531915	T
chr1	200143674	200143675	1.0	46	4	0.08695652173913043	C
chr1	200144227	200144228	1.0	79	10	0.13924050632911392	A
chr1	200144229	200144230	1.0	78	13	0.1794871794871795	A
chr1	200158901	200158902	1.0	59	5	0.0847457627118644	T
chr1	200207715	200207716	1.0	74	11	0.14864864864864866	G
chr1	200207716	200207717	1.0	74	11	0.14864864864864866	G
chr1	200215002	200215003	1.0	63	13	0.2222222222222222	A
chr1	200215006	200215007	1.0	60	10	0.2833333333333333	A
chr1	200284915	200284916	1.0	78	4	0.08974358974358974	G
chr1	200285502	200285503	1.0	36	5	0.1388888888888889	C
chr1	200276778	200276779	1.0	106	10	0.2169811320754717	T
chr1	200303971	200303972	1.0	76	6	0.07894736842105263	G
chr1	200347184	200347185	1.0	102	10	0.10784313725490197	G
chr1	200350540	200350541	1.0	58	4	0.08620689655172414	C
chr1	200357674	200357675	1.0	99	10	0.1111111111111111	G
chr1	200397836	200397837	1.0	48	4	0.10416666666666667	C
chr1	200540342	200540343	1.0	201	7	0.08955223880597014	C
chr1	200505204	200505205	1.0	139	14	0.22302158273381295	G
chr1	200505234	200505235	1.0	112	18	0.16964285714285715	G
chr1	200505268	200505269	1.0	111	15	0.1891891891891892	A
chr1	200505310	200505311	1.0	150	11	0.08	A
chr1	200529273	200529274	1.0	49	6	0.12244897959183673	A
chr1	200531037	200531038	1.0	66	7	0.10606060606060606	A
chr1	200535422	200535423	1.0	50	4	0.08	T
chr1	200568956	200568957	1.0	51	4	0.0784313725490196	C
chr1	200680576	200680577	1.0	61	5	0.08196721311475409	A
chr1	200684637	200684638	1.0	86	7	0.09302325581395349	C
chr1	200689032	200689033	1.0	103	10	0.0970873786407767	G
chr1	200720900	200720901	1.0	68	5	0.08823529411764706	T
chr1	200720904	200720905	1.0	68	6	0.11764705882352941	T
chr1	200806775	200806776	1.0	66	10	0.18181818181818182	G
chr1	200806777	200806778	1.0	72	10	0.2638888888888889	G
chr1	200817165	200817166	1.0	62	4	0.0967741935483871	T
chr1	200882941	200882942	1.0	40	4	0.3	C
chr1	200882950	200882951	1.0	37	5	0.13513513513513514	A
chr1	200882954	200882955	1.0	36	5	0.1388888888888889	A
chr1	200915811	200915812	1.0	77	9	0.14285714285714285	C
chr1	200915813	200915814	1.0	78	10	0.15384615384615385	C
chr1	200915828	200915829	1.0	89	14	0.20224719101123595	A
chr1	200951806	200951807	1.0	51	6	0.13725490196078433	T
chr1	200959329	200959330	1.0	25	4	0.16	C
