['chr1', 200039047, 'G', 80, 0.85, 0.5441176470588235, 0.0625, 0.07352941176470588, 5, 0.07352941176470588, 18.6, 1.0, 0.0625, 19.0, 34.0, 0.0, 48.24742, 32.61904761904762, 0.5079365079365079, 0.7875, 36.111111111111114, 9.11111111111111, 0.047619047619047616, 66.87515238095239, 0.04329608938547486, 18.6, 19.0, 34.0, 0.0, 48.24742, 0.03715541350379545, 32.567567567567565, 36.189189189189186, 9.378378378378379, 0.04054054054054054, 66.1369135135135]
['chr1', 200042183, 'A', 39, 0.8974358974358975, 0.5428571428571428, 0.1282051282051282, 0.14285714285714285, 5, 0.14285714285714285, 39.0, 1.0, 0.1282051282051282, 10.6, 4.4, 0.0, 69.76572, 39.666666666666664, 0.5333333333333333, 0.7692307692307693, 41.93333333333333, 4.366666666666666, 0.13333333333333333, 70.03118666666666, 0.1407942238267148, 39.0, 10.6, 4.4, 0.0, 69.76572, 0.12556342562781714, 39.94117647058823, 40.35294117647059, 3.8529411764705883, 0.11764705882352941, 70.15098235294118]
['chr1', 200042184, 'G', 39, 0.8974358974358975, 0.5428571428571428, 0.1282051282051282, 0.17142857142857143, 5, 0.14705882352941177, 40.0, 1.0, 0.1282051282051282, 10.0, 4.4, 0.0, 69.76572, 34.689655172413794, 0.5517241379310345, 0.7435897435897436, 43.275862068965516, 4.517241379310345, 0.13793103448275862, 70.09177586206896, 0.16583747927031509, 40.0, 10.0, 4.4, 0.0, 69.76572, 0.14609203798392986, 35.42424242424242, 41.484848484848484, 3.9696969696969697, 0.12121212121212122, 70.20785757575757]
['chr1', 200000922, 'G', 38, 0.868421052631579, 0.6060606060606061, 0.13157894736842105, 0.12121212121212122, 4, 0.12121212121212122, 30.75, 1.0, 0.10526315789473684, 11.25, 0.0, 1.0, 65.89280000000001, 25.310344827586206, 0.5517241379310345, 0.7631578947368421, 37.275862068965516, 14.275862068965518, 1.6206896551724137, 60.11667241379309, 0.14352392065344224, 32.0, 12.6, 14.6, 1.4, 54.11424000000001, 0.16080402010050251, 25.303030303030305, 38.15151515151515, 12.545454545454545, 1.4242424242424243, 59.769196969696964]
['chr1', 200000936, 'A', 40, 0.825, 0.6666666666666666, 0.175, 0.21212121212121213, 7, 0.21212121212121213, 34.714285714285715, 1.0, 0.175, 18.857142857142858, 0.0, 0.5714285714285714, 67.0730142857143, 36.73076923076923, 0.5769230769230769, 0.65, 36.34615384615385, 14.923076923076923, 1.8076923076923077, 59.46779230769231, 0.2028380634390651, 34.714285714285715, 18.857142857142858, 0.0, 0.5714285714285714, 67.0730142857143, 0.1692200557103064, 36.15151515151515, 34.39393939393939, 18.90909090909091, 1.6666666666666667, 54.52007878787879]
['chr1', 200074774, 'A', 48, 0.9166666666666666, 0.6363636363636364, 0.08333333333333333, 0.09090909090909091, 4, 0.09090909090909091, 13.75, 1.0, 0.08333333333333333, 29.0, 24.0, 1.0, 46.500675, 29.475, 0.6, 0.8333333333333334, 32.4, 24.625, 0.6, 51.089459999999995, 0.04457050243111831, 13.75, 29.0, 24.0, 1.0, 46.500675, 0.04119850187265917, 29.09090909090909, 31.5, 23.09090909090909, 0.5909090909090909, 51.918611363636366]
['chr1', 200087520, 'G', 74, 0.7432432432432432, 0.6181818181818182, 0.05405405405405406, 0.09090909090909091, 4, 0.07407407407407407, 16.5, 1.0, 0.05405405405405406, 18.75, 21.0, 0.25, 35.23195, 36.5, 0.58, 0.6756756756756757, 34.6, 9.3, 0.04, 68.04705000000001, 0.034902168164992066, 16.5, 18.75, 21.0, 0.25, 35.23195, 0.02586206896551724, 36.55882352941177, 34.35294117647059, 7.617647058823529, 0.029411764705882353, 68.36615735294117]
['chr1', 200092845, 'T', 52, 0.8846153846153846, 0.6521739130434783, 0.07692307692307693, 0.08695652173913043, 4, 0.08695652173913043, 11.0, 1.0, 0.07692307692307693, 30.75, 10.5, 0.5, 55.982325, 36.5, 0.6190476190476191, 0.8076923076923077, 29.833333333333332, 8.761904761904763, 0.11904761904761904, 64.09778333333333, 0.027901077996195307, 11.0, 30.75, 10.5, 0.5, 55.982325, 0.024322830292979547, 36.770833333333336, 30.666666666666668, 7.770833333333333, 0.125, 64.74068749999999]
['chr1', 200102098, 'G', 71, 0.971830985915493, 0.6231884057971014, 0.056338028169014086, 0.057971014492753624, 4, 0.057971014492753624, 15.0, 1.0, 0.056338028169014086, 29.25, 3.75, 0.0, 66.18325, 39.676923076923075, 0.6, 0.9154929577464789, 36.12307692307692, 2.4153846153846152, 0.015384615384615385, 72.42366, 0.022735884804850323, 15.0, 29.25, 3.75, 0.0, 66.18325, 0.02211573903427939, 39.59701492537314, 36.11940298507463, 2.343283582089552, 0.014925373134328358, 72.38862537313433]
['chr1', 200106062, 'C', 43, 0.9069767441860465, 0.5641025641025641, 0.16279069767441862, 0.15384615384615385, 6, 0.15384615384615385, 42.0, 1.0, 0.13953488372093023, 13.0, 28.5, 0.16666666666666666, 50.67845, 38.03030303030303, 0.5151515151515151, 0.7674418604651163, 35.78787878787879, 3.212121212121212, 4.424242424242424, 64.97375151515152, 0.1672196416721964, 41.285714285714285, 13.142857142857142, 34.42857142857143, 0.14285714285714285, 47.867242857142855, 0.17305389221556886, 38.361111111111114, 34.77777777777778, 2.9444444444444446, 4.305555555555555, 64.62871666666666]
['chr1', 200106064, 'T', 43, 0.9069767441860465, 0.5641025641025641, 0.3953488372093023, 0.41025641025641024, 6, 0.15384615384615385, 38.666666666666664, 1.0, 0.13953488372093023, 11.0, 28.5, 0.16666666666666666, 50.67845, 39.06060606060606, 0.5151515151515151, 0.3953488372093023, 36.45454545454545, 3.212121212121212, 4.424242424242424, 64.97375151515152, 0.1525312294543064, 41.11764705882353, 41.11764705882353, 6.117647058823529, 8.0, 60.593552941176476, 0.413854351687389, 38.07692307692308, 25.192307692307693, 9.346153846153847, 0.7692307692307693, 62.75438846153846]
['chr1', 200133556, 'C', 89, 0.9550561797752809, 0.5529411764705883, 0.25842696629213485, 0.2823529411764706, 15, 0.17857142857142858, 31.2, 1.0, 0.16853932584269662, 29.8, 10.533333333333333, 8.933333333333334, 52.99023999999999, 36.84057971014493, 0.6666666666666666, 0.5168539325842697, 39.55072463768116, 9.26086956521739, 5.565217391304348, 59.22133623188406, 0.15548172757475084, 38.26086956521739, 49.34782608695652, 5.913043478260869, 13.652173913043478, 54.46086086956522, 0.2800763844684914, 34.8, 32.83076923076923, 10.76923076923077, 3.292307692307692, 58.34655384615385]
['chr1', 200133562, 'T', 94, 0.9468085106382979, 0.5617977528089888, 0.2872340425531915, 0.30337078651685395, 12, 0.13636363636363635, 37.333333333333336, 1.0, 0.1276595744680851, 36.0, 20.416666666666668, 9.333333333333334, 47.43407500000001, 36.0, 0.6578947368421053, 0.5319148936170213, 35.973684210526315, 9.18421052631579, 5.368421052631579, 59.09610394736842, 0.1407035175879397, 36.55555555555556, 41.81481481481482, 6.666666666666667, 12.518518518518519, 53.93511481481482, 0.2989097516656572, 35.07575757575758, 32.45454545454545, 12.454545454545455, 2.9393939393939394, 57.72370757575758]
['chr1', 200139430, 'T', 54, 1.0, 0.5, 0.07407407407407407, 0.07407407407407407, 4, 0.07407407407407407, 11.0, 1.0, 0.07407407407407407, 30.75, 22.75, 0.0, 47.09225, 38.34, 0.54, 0.9259259259259259, 32.58, 1.88, 0.02, 72.18969999999999, 0.022437531871494134, 11.0, 30.75, 22.75, 0.0, 47.09225, 0.022437531871494134, 38.34, 32.58, 1.88, 0.02, 72.18969999999999]
['chr1', 200141083, 'C', 91, 0.9230769230769231, 0.6190476190476191, 0.054945054945054944, 0.047619047619047616, 4, 0.047619047619047616, 25.25, 1.0, 0.04395604395604396, 18.0, 18.25, 0.0, 55.81015, 36.8875, 0.65, 0.8791208791208791, 35.025, 4.65, 1.3875, 69.320245, 0.03309305373525557, 28.6, 17.4, 14.6, 0.0, 57.64811999999999, 0.04320241691842901, 36.825581395348834, 34.604651162790695, 5.058139534883721, 1.3953488372093024, 68.66038488372094]
['chr1', 200143674, 'C', 46, 0.9347826086956522, 0.5348837209302325, 0.08695652173913043, 0.09302325581395349, 4, 0.09302325581395349, 10.0, 1.0, 0.08695652173913043, 27.5, 6.0, 0.75, 61.355075, 32.333333333333336, 0.5128205128205128, 0.8478260869565217, 25.743589743589745, 12.615384615384615, 0.7435897435897436, 58.8772282051282, 0.030745580322828592, 10.0, 27.5, 6.0, 0.75, 61.355075, 0.02865329512893983, 32.285714285714285, 25.738095238095237, 14.404761904761905, 0.6904761904761905, 56.11580238095237]
['chr1', 200144227, 'A', 79, 0.8987341772151899, 0.6056338028169014, 0.13924050632911392, 0.14084507042253522, 10, 0.14084507042253522, 39.0, 1.0, 0.12658227848101267, 46.0, 2.3, 3.4, 49.20341, 36.50819672131148, 0.7049180327868853, 0.7721518987341772, 35.63934426229508, 11.278688524590164, 7.065573770491803, 60.57746885245902, 0.14902560183416125, 37.90909090909091, 46.81818181818182, 2.090909090909091, 3.4545454545454546, 48.95764545454545, 0.14389233954451347, 36.48529411764706, 34.88235294117647, 12.985294117647058, 6.955882352941177, 59.08138823529411]
['chr1', 200144229, 'A', 78, 0.9102564102564102, 0.6056338028169014, 0.1794871794871795, 0.19718309859154928, 13, 0.18571428571428572, 39.30769230769231, 1.0, 0.16666666666666666, 43.84615384615385, 2.1538461538461537, 4.0, 52.608146153846164, 35.421052631578945, 0.7368421052631579, 0.7307692307692307, 34.91228070175438, 11.24561403508772, 7.315789473684211, 61.323100000000004, 0.20197628458498024, 38.42857142857143, 44.785714285714285, 2.0, 4.0, 52.171850000000006, 0.19436416184971098, 35.3968253968254, 34.698412698412696, 13.142857142857142, 7.285714285714286, 59.643960317460326]
['chr1', 200144233, 'A', 50, 0.88, 0.6363636363636364, 0.34, 0.36363636363636365, 14, 0.3181818181818182, 36.214285714285715, 0.9285714285714286, 0.26, 27.357142857142858, 28.142857142857142, 10.571428571428571, 48.505928571428576, 39.13333333333333, 0.5, 0.3, 33.833333333333336, 1.5666666666666667, 4.266666666666667, 60.78218333333333, 0.30160618679357526, 38.411764705882355, 42.64705882352941, 5.117647058823529, 4.235294117647059, 51.05070588235294, 0.34314240672622176, 37.878787878787875, 26.545454545454547, 16.393939393939394, 7.393939393939394, 56.903742424242424]
['chr1', 200158900, 'G', 58, 0.9827586206896551, 0.5789473684210527, 0.3620689655172414, 0.3684210526315789, 4, 0.07142857142857142, 35.75, 1.0, 0.06896551724137931, 28.0, 8.0, 2.25, 61.218050000000005, 37.13461538461539, 0.6153846153846154, 0.5517241379310345, 37.32692307692308, 5.076923076923077, 0.4230769230769231, 67.82865576923078, 0.06894889103182257, 35.476190476190474, 32.904761904761905, 9.380952380952381, 0.6190476190476191, 60.64962857142857, 0.35731414868105515, 37.22222222222222, 38.52777777777778, 2.75, 0.5277777777777778, 70.91166944444444]
['chr1', 200158901, 'T', 59, 0.9830508474576272, 0.5689655172413793, 0.0847457627118644, 0.08620689655172414, 5, 0.08620689655172414, 41.0, 1.0, 0.0847457627118644, 22.8, 6.4, 1.8, 62.59516000000001, 36.924528301886795, 0.6226415094339622, 0.8983050847457628, 36.83018867924528, 4.981132075471698, 0.41509433962264153, 67.95162264150943, 0.09481961147086032, 41.0, 22.8, 6.4, 1.8, 62.59516000000001, 0.09433962264150944, 36.44444444444444, 36.629629629629626, 4.888888888888889, 0.42592592592592593, 67.70251851851852]
['chr1', 200181301, 'G', 78, 0.9871794871794872, 0.5324675324675324, 0.05128205128205128, 0.05194805194805195, 4, 0.05194805194805195, 16.25, 1.0, 0.05128205128205128, 24.0, 11.0, 0.0, 55.916250000000005, 37.68493150684932, 0.5068493150684932, 0.9358974358974359, 29.438356164383563, 2.671232876712329, 0.0410958904109589, 73.4357410958904, 0.023082386363636364, 16.25, 24.0, 11.0, 0.0, 55.916250000000005, 0.022743177046885936, 37.74324324324324, 29.62162162162162, 2.635135135135135, 0.04054054054054054, 73.48390675675675]
['chr1', 200197519, 'A', 49, 0.8979591836734694, 0.6363636363636364, 0.3469387755102041, 0.3409090909090909, 13, 0.29545454545454547, 36.53846153846154, 1.0, 0.2653061224489796, 21.153846153846153, 15.692307692307692, 1.3846153846153846, 60.00386153846153, 40.064516129032256, 0.5161290322580645, 0.32653061224489793, 34.16129032258065, 4.193548387096774, 0.4838709677419355, 67.67229032258064, 0.2766453115899825, 42.0, 32.8235294117647, 6.117647058823529, 0.7058823529411765, 63.773158823529414, 0.37148803329864727, 37.75, 31.0, 7.1875, 0.6875, 66.476484375]
['chr1', 200207715, 'G', 74, 0.8783783783783784, 0.6615384615384615, 0.14864864864864866, 0.16923076923076924, 11, 0.16923076923076924, 41.54545454545455, 0.9090909090909091, 0.14864864864864866, 13.0, 6.181818181818182, 0.0, 64.9200909090909, 41.25925925925926, 0.6111111111111112, 0.7297297297297297, 36.22222222222222, 9.333333333333334, 0.037037037037037035, 68.5570962962963, 0.1702048417132216, 41.54545454545455, 13.0, 6.181818181818182, 0.0, 64.9200909090909, 0.14993438320209973, 41.12698412698413, 37.55555555555556, 8.0, 0.031746031746031744, 68.57636031746031]
['chr1', 200207716, 'G', 74, 0.8783783783783784, 0.6615384615384615, 0.14864864864864866, 0.16923076923076924, 11, 0.16923076923076924, 42.0, 0.9090909090909091, 0.14864864864864866, 12.727272727272727, 6.181818181818182, 0.0, 64.9200909090909, 40.5, 0.6111111111111112, 0.7297297297297297, 36.111111111111114, 9.333333333333334, 0.037037037037037035, 68.5570962962963, 0.17440543601359004, 42.0, 12.727272727272727, 6.181818181818182, 0.0, 64.9200909090909, 0.1528788881535407, 40.63492063492063, 37.38095238095238, 8.0, 0.031746031746031744, 68.57636031746031]
['chr1', 200215002, 'A', 63, 0.9047619047619048, 0.5263157894736842, 0.2222222222222222, 0.22807017543859648, 13, 0.22807017543859648, 31.384615384615383, 0.9230769230769231, 0.20634920634920634, 11.692307692307692, 5.230769230769231, 0.0, 65.26750769230769, 40.02272727272727, 0.6590909090909091, 0.6984126984126984, 33.84090909090909, 2.5, 0.9772727272727273, 69.9749181818182, 0.18810511756569848, 31.785714285714285, 11.214285714285714, 4.857142857142857, 0.0, 65.81982857142857, 0.18658280922431866, 39.59183673469388, 33.02040816326531, 8.877551020408163, 1.0408163265306123, 65.92645714285715]
['chr1', 200215006, 'A', 60, 0.9, 0.5370370370370371, 0.2833333333333333, 0.2777777777777778, 10, 0.18518518518518517, 38.5, 1.0, 0.16666666666666666, 10.7, 6.8, 0.0, 65.89872, 40.29545454545455, 0.6590909090909091, 0.48333333333333334, 35.04545454545455, 2.5, 0.9545454545454546, 70.31630454545456, 0.1784059314179796, 39.05882352941177, 36.23529411764706, 1.1176470588235294, 2.7058823529411766, 70.85008823529411, 0.28028704094554663, 39.651162790697676, 27.13953488372093, 11.255813953488373, 0.09302325581395349, 64.48728139534884]
['chr1', 200220636, 'C', 82, 0.9512195121951219, 0.5256410256410257, 0.06097560975609756, 0.07692307692307693, 5, 0.06493506493506493, 15.2, 1.0, 0.06097560975609756, 42.8, 0.0, 0.2, 61.61265999999999, 34.791666666666664, 0.5, 0.8780487804878049, 34.77777777777778, 8.38888888888889, 0.2638888888888889, 66.95072222222223, 0.029445951181712515, 15.2, 42.8, 0.0, 0.2, 61.61265999999999, 0.028064992614475634, 34.63157894736842, 34.88157894736842, 7.947368421052632, 0.25, 67.19673684210527]
['chr1', 200225219, 'T', 75, 0.9066666666666666, 0.5, 0.05333333333333334, 0.058823529411764705, 4, 0.058823529411764705, 33.0, 1.0, 0.05333333333333334, 23.75, 9.5, 0.0, 65.31575, 38.21875, 0.53125, 0.8533333333333334, 30.046875, 2.640625, 0.0625, 70.70878125, 0.05120248254460822, 33.0, 23.75, 9.5, 0.0, 65.31575, 0.04612159329140461, 38.45070422535211, 31.014084507042252, 2.380281690140845, 0.07042253521126761, 70.70715633802818]
['chr1', 200284915, 'G', 78, 0.6794871794871795, 0.5849056603773585, 0.08974358974358974, 0.09433962264150944, 4, 0.07692307692307693, 34.5, 1.0, 0.05128205128205128, 66.5, 0.0, 8.0, 10.0, 33.395833333333336, 0.5625, 0.6153846153846154, 30.791666666666668, 14.791666666666666, 7.625, 36.59602708333333, 0.07926479035037334, 31.857142857142858, 52.0, 1.0, 6.142857142857143, 6.857142857142857, 0.09035656401944894, 32.07142857142857, 30.242857142857144, 13.342857142857143, 7.285714285714286, 32.27979285714286]
['chr1', 200284926, 'G', 77, 0.7402597402597403, 0.5263157894736842, 0.07792207792207792, 0.07017543859649122, 4, 0.07017543859649122, 26.75, 1.0, 0.05194805194805195, 65.25, 0.0, 8.0, 10.0, 32.528301886792455, 0.5094339622641509, 0.6883116883116883, 30.60377358490566, 15.056603773584905, 6.7924528301886795, 37.6764320754717, 0.05843801201529218, 29.333333333333332, 51.666666666666664, 0.0, 7.333333333333333, 7.333333333333333, 0.07479813004674883, 30.661971830985916, 30.718309859154928, 14.084507042253522, 6.183098591549296, 34.85164929577464]
['chr1', 200285448, 'G', 66, 0.7575757575757576, 0.58, 0.36363636363636365, 0.46, 6, 0.12244897959183673, 34.333333333333336, 1.0, 0.09090909090909091, 18.5, 8.5, 3.8333333333333335, 43.589400000000005, 33.372093023255815, 0.5116279069767442, 0.3333333333333333, 33.95348837209303, 12.348837209302326, 6.813953488372093, 42.252753488372086, 0.125533211456429, 28.833333333333332, 44.791666666666664, 9.416666666666666, 7.041666666666667, 42.144087500000005, 0.3059239610963749, 38.292682926829265, 27.73170731707317, 17.097560975609756, 6.463414634146342, 30.760565853658534]
['chr1', 200285502, 'C', 36, 0.6388888888888888, 0.5652173913043478, 0.1388888888888889, 0.21739130434782608, 5, 0.21739130434782608, 31.8, 1.0, 0.1388888888888889, 58.0, 19.8, 14.2, 29.38626, 32.388888888888886, 0.7222222222222222, 0.5, 37.611111111111114, 9.333333333333334, 2.111111111111111, 51.166666666666664, 0.21428571428571427, 31.8, 58.0, 19.8, 14.2, 29.38626, 0.14008810572687225, 31.483870967741936, 27.93548387096774, 14.96774193548387, 3.967741935483871, 33.007629032258066]
['chr1', 200276778, 'T', 106, 0.7075471698113207, 0.6266666666666667, 0.2169811320754717, 0.24, 10, 0.13333333333333333, 37.4, 1.0, 0.09433962264150944, 22.9, 13.7, 2.9, 55.98446, 38.43076923076923, 0.7230769230769231, 0.44339622641509435, 39.215384615384615, 6.323076923076923, 3.6, 61.86258769230769, 0.13022284122562675, 37.34782608695652, 49.869565217391305, 7.173913043478261, 4.521739130434782, 53.21554347826088, 0.21475, 38.30487804878049, 28.182926829268293, 21.963414634146343, 3.048780487804878, 50.90876341463415]
['chr1', 200303971, 'G', 76, 0.9078947368421053, 0.6086956521739131, 0.07894736842105263, 0.10144927536231885, 6, 0.08823529411764706, 8.333333333333334, 1.0, 0.07894736842105263, 26.166666666666668, 0.0, 0.16666666666666666, 68.62058333333334, 30.338709677419356, 0.5645161290322581, 0.8157894736842105, 32.645161290322584, 9.758064516129032, 0.8870967741935484, 67.77818387096775, 0.02589331952356292, 8.333333333333334, 26.166666666666668, 0.0, 0.16666666666666666, 68.62058333333334, 0.023607176581680833, 29.971014492753625, 32.3768115942029, 10.130434782608695, 0.8115942028985508, 66.67025217391306]
['chr1', 200341873, 'G', 69, 0.8985507246376812, 0.5483870967741935, 0.07246376811594203, 0.06451612903225806, 4, 0.06451612903225806, 42.0, 1.0, 0.057971014492753624, 13.0, 6.75, 0.75, 55.91505, 38.224137931034484, 0.5172413793103449, 0.8405797101449275, 25.862068965517242, 8.379310344827585, 8.258620689655173, 54.94887413793103, 0.07044025157232704, 42.0, 12.6, 20.8, 0.6, 46.33204, 0.07972665148063782, 37.875, 26.390625, 10.3125, 8.328125, 52.7620734375]
['chr1', 200347184, 'G', 102, 0.9411764705882353, 0.6354166666666666, 0.10784313725490197, 0.10416666666666667, 10, 0.10416666666666667, 9.7, 0.9, 0.09803921568627451, 17.1, 1.6, 1.2, 57.1942, 31.197674418604652, 0.6046511627906976, 0.8431372549019608, 27.313953488372093, 5.3604651162790695, 1.2209302325581395, 62.142693023255816, 0.034892086330935254, 9.818181818181818, 18.272727272727273, 2.0, 1.0909090909090908, 53.40381818181818, 0.03648648648648649, 31.34065934065934, 27.593406593406595, 6.593406593406593, 1.164835164835165, 61.15236373626374]
['chr1', 200350492, 'G', 71, 0.9154929577464789, 0.5076923076923077, 0.056338028169014086, 0.06153846153846154, 4, 0.06153846153846154, 13.75, 1.0, 0.056338028169014086, 40.0, 14.25, 0.25, 36.6104, 35.63934426229508, 0.5409836065573771, 0.8591549295774648, 32.31147540983606, 10.836065573770492, 0.09836065573770492, 62.02160491803278, 0.024674742036787798, 13.75, 40.0, 14.25, 0.25, 36.6104, 0.022531749283080705, 35.61194029850746, 32.6865671641791, 10.955223880597014, 0.08955223880597014, 61.01372985074626]
['chr1', 200350511, 'A', 70, 0.9, 0.5079365079365079, 0.07142857142857142, 0.09523809523809523, 5, 0.08064516129032258, 17.2, 1.0, 0.07142857142857142, 47.6, 22.0, 0.2, 33.38682, 34.21052631578947, 0.543859649122807, 0.8142857142857143, 30.05263157894737, 10.403508771929825, 0.14035087719298245, 61.26434210526316, 0.04223968565815324, 17.2, 47.6, 22.0, 0.2, 33.38682, 0.03823921742996887, 33.796875, 29.109375, 10.40625, 0.125, 60.3463984375]
['chr1', 200350540, 'C', 58, 0.9482758620689655, 0.509090909090909, 0.08620689655172414, 0.10909090909090909, 4, 0.07547169811320754, 21.5, 1.0, 0.06896551724137931, 28.75, 13.5, 0.75, 40.973400000000005, 28.551020408163264, 0.5306122448979592, 0.8448275862068966, 34.93877551020408, 15.612244897959183, 0.1836734693877551, 55.80697142857143, 0.057912457912457915, 19.4, 27.4, 10.8, 0.6, 47.37872000000001, 0.06262104583602324, 28.470588235294116, 35.529411764705884, 15.0, 0.17647058823529413, 55.991011764705874]
['chr1', 200357674, 'G', 99, 0.8686868686868687, 0.6511627906976745, 0.1111111111111111, 0.11627906976744186, 10, 0.11627906976744186, 39.0, 0.9, 0.10101010101010101, 34.4, 29.7, 0.9, 26.20732, 37.53947368421053, 0.618421052631579, 0.7676767676767676, 32.51315789473684, 5.197368421052632, 0.039473684210526314, 68.07442499999999, 0.12025901942645699, 37.45454545454545, 31.727272727272727, 33.63636363636363, 0.8181818181818182, 26.564745454545456, 0.110485384821668, 37.69318181818182, 32.78409090909091, 4.931818181818182, 0.045454545454545456, 67.83657159090909]
['chr1', 200360344, 'C', 61, 0.9672131147540983, 0.559322033898305, 0.06557377049180328, 0.0847457627118644, 4, 0.06896551724137931, 20.25, 1.0, 0.06557377049180328, 24.25, 0.0, 0.0, 63.389799999999994, 37.51851851851852, 0.5185185185185185, 0.8852459016393442, 34.833333333333336, 3.814814814814815, 0.8703703703703703, 69.83790185185184, 0.03844328429046037, 20.25, 24.25, 0.0, 0.0, 63.389799999999994, 0.03705397987191217, 37.589285714285715, 35.464285714285715, 4.125, 0.8392857142857143, 69.15619107142857]
['chr1', 200393766, 'G', 78, 0.8205128205128205, 0.65625, 0.05128205128205128, 0.0625, 4, 0.0625, 12.75, 1.0, 0.05128205128205128, 47.0, 6.5, 4.5, 58.2222, 32.06666666666667, 0.6333333333333333, 0.7692307692307693, 37.9, 5.45, 1.15, 67.98774833333333, 0.02582278481012658, 12.75, 47.0, 6.5, 4.5, 58.2222, 0.02045728038507822, 33.0, 38.0945945945946, 6.418918918918919, 1.162162162162162, 67.30822297297297]
['chr1', 200397836, 'C', 48, 0.8333333333333334, 0.7, 0.10416666666666667, 0.1, 4, 0.1, 11.0, 1.0, 0.08333333333333333, 24.5, 37.0, 0.25, 31.067024999999997, 29.63888888888889, 0.6666666666666666, 0.75, 33.55555555555556, 16.055555555555557, 0.8055555555555556, 57.746402777777774, 0.039603960396039604, 11.0, 28.2, 29.6, 0.4, 33.75362, 0.041353383458646614, 29.651162790697676, 32.53488372093023, 14.209302325581396, 0.7906976744186046, 58.440402325581395]
['chr1', 200404523, 'C', 67, 0.8059701492537313, 0.5185185185185185, 0.05970149253731343, 0.09259259259259259, 4, 0.07547169811320754, 13.75, 1.0, 0.05970149253731343, 21.5, 11.0, 0.25, 60.228075000000004, 35.91836734693877, 0.5510204081632653, 0.7313432835820896, 34.48979591836735, 4.8979591836734695, 0.2857142857142857, 69.10187551020408, 0.030303030303030307, 13.75, 21.5, 11.0, 0.25, 60.228075000000004, 0.023696682464454975, 36.54838709677419, 33.225806451612904, 5.467741935483871, 0.22580645161290322, 67.92269354838709]
['chr1', 200404810, 'C', 70, 0.8571428571428571, 0.5166666666666667, 0.07142857142857142, 0.06666666666666667, 4, 0.06666666666666667, 15.0, 1.0, 0.05714285714285714, 26.0, 12.75, 0.25, 51.6803, 37.75, 0.5535714285714286, 0.8, 32.0, 3.267857142857143, 0.26785714285714285, 71.38053749999999, 0.027598896044158234, 14.2, 28.2, 20.2, 0.2, 46.950340000000004, 0.028320702034303948, 37.47692307692308, 32.276923076923076, 3.6307692307692307, 0.24615384615384617, 70.42562153846154]
['chr1', 200409546, 'G', 109, 0.7339449541284404, 0.525, 0.05504587155963303, 0.0875, 5, 0.0641025641025641, 10.2, 1.0, 0.045871559633027525, 19.2, 0.0, 0.0, 65.79706, 35.75342465753425, 0.5068493150684932, 0.6697247706422018, 32.082191780821915, 4.315068493150685, 0.0684931506849315, 69.95394794520547, 0.019165727170236752, 10.333333333333334, 17.833333333333332, 0.0, 0.0, 67.62708333333333, 0.01722700750208391, 35.01980198019802, 32.84158415841584, 3.8415841584158414, 0.06930693069306931, 69.85806237623761]
['chr1', 200409670, 'G', 105, 0.6857142857142857, 0.5694444444444444, 0.06666666666666667, 0.06944444444444445, 5, 0.06944444444444445, 8.6, 1.0, 0.047619047619047616, 50.0, 8.0, 0.0, 56.86139999999999, 29.074626865671643, 0.5373134328358209, 0.638095238095238, 30.044776119402986, 4.656716417910448, 0.08955223880597014, 69.61953880597015, 0.021597187343043698, 8.714285714285714, 39.857142857142854, 6.142857142857143, 0.0, 58.083457142857135, 0.020252324037184594, 30.422680412371133, 28.103092783505154, 5.536082474226804, 0.07216494845360824, 68.41133092783505]
['chr1', 200467095, 'T', 44, 0.6818181818181818, 0.6666666666666666, 0.38636363636363635, 0.5, 5, 0.16666666666666666, 33.8, 1.0, 0.11363636363636363, 34.0, 0.0, 0.0, 72.96522, 37.76, 0.6, 0.3409090909090909, 36.04, 1.52, 0.04, 72.081756, 0.1518418688230009, 37.529411764705884, 40.0, 2.235294117647059, 0.0, 68.4426588235294, 0.38549848942598186, 37.666666666666664, 35.333333333333336, 1.5925925925925926, 0.07407407407407407, 75.01274444444445]
['chr1', 200467097, 'C', 43, 0.6744186046511628, 0.6896551724137931, 0.37209302325581395, 0.5172413793103449, 5, 0.17857142857142858, 38.0, 1.0, 0.11627906976744186, 33.6, 0.0, 0.0, 72.96522, 39.82608695652174, 0.6086956521739131, 0.32558139534883723, 36.95652173913044, 0.9565217391304348, 0.043478260869565216, 73.1884043478261, 0.1717902350813743, 40.75, 39.0, 1.375, 0.0, 70.44964999999999, 0.39563106796116504, 38.30769230769231, 36.46153846153846, 1.6538461538461537, 0.07692307692307693, 74.72939615384615]
['chr1', 200540342, 'C', 201, 0.8059701492537313, 0.5185185185185185, 0.08955223880597014, 0.043209876543209874, 7, 0.043209876543209874, 17.0, 1.0, 0.03482587064676617, 38.57142857142857, 18.142857142857142, 0.0, 45.944928571428576, 31.81290322580645, 0.5032258064516129, 0.7711442786069652, 33.774193548387096, 9.941935483870967, 0.9935483870967742, 61.1297735483871, 0.023564356435643564, 27.72222222222222, 32.166666666666664, 45.72222222222222, 0.2777777777777778, 25.73397222222222, 0.07893071812717495, 31.81967213114754, 33.15300546448088, 12.863387978142077, 1.0382513661202186, 58.63491420765028]
['chr1', 200497328, 'T', 75, 0.88, 0.5454545454545454, 0.06666666666666667, 0.07575757575757576, 5, 0.07575757575757576, 27.6, 1.0, 0.06666666666666667, 10.8, 33.2, 0.0, 28.578560000000003, 39.09836065573771, 0.5081967213114754, 0.8133333333333334, 36.295081967213115, 2.1475409836065573, 0.04918032786885246, 72.67632950819672, 0.054696789536266346, 27.6, 10.8, 33.2, 0.0, 28.578560000000003, 0.04815073272854153, 38.97142857142857, 36.114285714285714, 1.8714285714285714, 0.04285714285714286, 72.81484142857144]
['chr1', 200505200, 'G', 143, 0.7622377622377622, 0.6330275229357798, 0.055944055944055944, 0.05504587155963303, 6, 0.05504587155963303, 41.166666666666664, 1.0, 0.04195804195804196, 19.0, 17.833333333333332, 0.0, 52.11454999999999, 37.1747572815534, 0.6699029126213593, 0.7202797202797203, 34.23300970873787, 9.669902912621358, 6.495145631067961, 39.590629126213585, 0.06059862610402355, 41.375, 16.0, 35.25, 0.0, 39.46091249999999, 0.0627607129313614, 36.614814814814814, 34.05185185185185, 10.414814814814815, 6.9185185185185185, 37.087041481481485]
['chr1', 200505204, 'G', 139, 0.7769784172661871, 0.6203703703703703, 0.22302158273381295, 0.25, 14, 0.12962962962962962, 25.857142857142858, 1.0, 0.10071942446043165, 19.714285714285715, 14.428571428571429, 1.4285714285714286, 55.198207142857136, 36.212765957446805, 0.7127659574468085, 0.48201438848920863, 36.819148936170215, 10.47872340425532, 7.031914893617022, 36.608810638297875, 0.09612320764737123, 31.258064516129032, 43.774193548387096, 7.419354838709677, 3.5161290322580645, 56.77743548387096, 0.1998762376237624, 35.916666666666664, 32.00925925925926, 13.555555555555555, 7.7407407407407405, 30.014179629629634]
['chr1', 200505213, 'G', 137, 0.8029197080291971, 0.6363636363636364, 0.051094890510948905, 0.06363636363636363, 7, 0.06363636363636363, 36.142857142857146, 1.0, 0.051094890510948905, 14.285714285714286, 2.142857142857143, 9.714285714285714, 4.571428571428571, 35.980582524271846, 0.6116504854368932, 0.7518248175182481, 36.10679611650485, 11.844660194174757, 6.504854368932039, 37.925791262135924, 0.06390502652184896, 36.142857142857146, 14.285714285714286, 2.142857142857143, 9.714285714285714, 4.571428571428571, 0.05252231679468549, 35.10769230769231, 36.83846153846154, 11.907692307692308, 7.1692307692307695, 35.06142538461539]
['chr1', 200505234, 'G', 112, 0.7946428571428571, 0.5393258426966292, 0.16964285714285715, 0.20224719101123595, 18, 0.20224719101123595, 33.72222222222222, 0.9444444444444444, 0.16071428571428573, 30.22222222222222, 1.5555555555555556, 8.11111111111111, 19.10696111111111, 33.67605633802817, 0.5633802816901409, 0.6339285714285714, 33.33802816901409, 11.0, 4.690140845070423, 41.283766197183105, 0.20246831220813877, 32.526315789473685, 32.73684210526316, 1.4736842105263157, 8.789473684210526, 18.575015789473685, 0.16458055925432755, 33.73118279569893, 32.913978494623656, 10.78494623655914, 5.56989247311828, 36.986840860215054]
['chr1', 200505268, 'A', 111, 0.8108108108108109, 0.5111111111111111, 0.1891891891891892, 0.16666666666666666, 15, 0.16666666666666666, 35.53333333333333, 0.9333333333333333, 0.13513513513513514, 18.533333333333335, 14.4, 2.7333333333333334, 43.170026666666665, 33.84, 0.5733333333333334, 0.6756756756756757, 28.68, 12.28, 7.066666666666666, 41.07024133333333, 0.17355910126994462, 33.95238095238095, 23.142857142857142, 12.523809523809524, 3.9047619047619047, 37.468466666666664, 0.19259859535386278, 33.21111111111111, 29.27777777777778, 10.944444444444445, 7.733333333333333, 40.282943333333336]
['chr1', 200505310, 'A', 150, 0.8733333333333333, 0.6717557251908397, 0.08, 0.0916030534351145, 11, 0.08461538461538462, 33.18181818181818, 0.9090909090909091, 0.07333333333333333, 20.818181818181817, 7.0, 8.909090909090908, 16.680736363636363, 31.96638655462185, 0.6470588235294118, 0.7933333333333333, 34.19327731092437, 14.025210084033613, 3.3781512605042017, 45.67996386554621, 0.08755097145598464, 33.916666666666664, 20.333333333333332, 6.416666666666667, 9.0, 15.374008333333334, 0.08836300477637864, 30.875, 33.98529411764706, 13.419117647058824, 3.6176470588235294, 45.55688014705883]
['chr1', 200519033, 'C', 63, 0.9682539682539683, 0.5737704918032787, 0.3968253968253968, 0.39344262295081966, 11, 0.18333333333333332, 30.272727272727273, 1.0, 0.1746031746031746, 25.636363636363637, 30.181818181818183, 0.8181818181818182, 48.681, 36.51020408163265, 0.5306122448979592, 0.4126984126984127, 28.591836734693878, 32.857142857142854, 1.6122448979591837, 45.6152387755102, 0.15692742695570217, 31.44, 30.16, 26.72, 0.72, 53.4734, 0.3595608417200366, 37.83783783783784, 26.405405405405407, 34.432432432432435, 2.0, 42.291964864864866]
['chr1', 200529273, 'A', 49, 0.9591836734693877, 0.6382978723404256, 0.12244897959183673, 0.14893617021276595, 6, 0.13043478260869565, 37.0, 1.0, 0.12244897959183673, 40.5, 8.666666666666666, 1.3333333333333333, 63.81421666666666, 38.2, 0.575, 0.8163265306122449, 29.325, 3.875, 0.55, 68.5942625, 0.12685714285714286, 37.0, 40.5, 8.666666666666666, 1.3333333333333333, 63.81421666666666, 0.12204507971412865, 38.023809523809526, 28.69047619047619, 3.8095238095238093, 0.5714285714285714, 68.03025]
['chr1', 200531037, 'A', 66, 0.9545454545454546, 0.5714285714285714, 0.10606060606060606, 0.1111111111111111, 7, 0.1111111111111111, 28.285714285714285, 1.0, 0.10606060606060606, 34.857142857142854, 16.714285714285715, 0.5714285714285714, 57.180257142857144, 39.017857142857146, 0.6428571428571429, 0.8484848484848485, 28.285714285714285, 3.3035714285714284, 0.6785714285714286, 68.31608750000001, 0.08308854385228703, 28.285714285714285, 34.857142857142854, 16.714285714285715, 0.5714285714285714, 57.180257142857144, 0.0795500200883889, 38.83050847457627, 28.983050847457626, 3.6779661016949152, 0.711864406779661, 67.69832033898305]
['chr1', 200535422, 'T', 50, 0.96, 0.5416666666666666, 0.08, 0.08333333333333333, 4, 0.08333333333333333, 22.75, 1.0, 0.08, 47.5, 15.5, 0.75, 44.6071, 36.54545454545455, 0.5, 0.88, 24.5, 9.477272727272727, 0.4318181818181818, 64.34690681818181, 0.053560918187168925, 22.75, 47.5, 15.5, 0.75, 44.6071, 0.05103757711721817, 36.78260869565217, 25.043478260869566, 11.956521739130435, 0.45652173913043476, 62.6687804347826]
['chr1', 200548810, 'T', 68, 0.8529411764705882, 0.5344827586206896, 0.07352941176470588, 0.08620689655172414, 4, 0.07017543859649122, 33.0, 1.0, 0.058823529411764705, 26.75, 11.75, 3.0, 37.95325, 34.905660377358494, 0.5849056603773585, 0.7794117647058824, 27.07547169811321, 18.07547169811321, 3.3773584905660377, 43.7151320754717, 0.06659939455095862, 32.8, 25.8, 9.4, 2.4, 42.2626, 0.07149084568439407, 34.354838709677416, 26.387096774193548, 20.919354838709676, 3.096774193548387, 42.327870967741944]
['chr1', 200568956, 'C', 51, 0.9803921568627451, 0.7, 0.0784313725490196, 0.1, 4, 0.08163265306122448, 11.0, 1.0, 0.0784313725490196, 37.0, 12.25, 3.25, 53.817575000000005, 32.62222222222222, 0.6888888888888889, 0.8823529411764706, 33.51111111111111, 8.333333333333334, 1.3333333333333333, 62.23558888888889, 0.0291005291005291, 11.0, 37.0, 12.25, 3.25, 53.817575000000005, 0.028890347997373604, 32.15217391304348, 32.78260869565217, 8.152173913043478, 1.326086956521739, 62.49133695652174]
['chr1', 200577629, 'G', 81, 0.8148148148148148, 0.6060606060606061, 0.07407407407407407, 0.07575757575757576, 5, 0.07575757575757576, 13.8, 1.0, 0.06172839506172839, 25.6, 13.0, 0.4, 55.758539999999996, 34.09836065573771, 0.5737704918032787, 0.7530864197530864, 28.295081967213115, 4.60655737704918, 0.09836065573770492, 68.85250655737705, 0.03210795718939041, 12.666666666666666, 22.833333333333332, 14.833333333333334, 0.3333333333333333, 55.72295, 0.028864413216862894, 34.093333333333334, 27.653333333333332, 4.373333333333333, 0.08, 68.94641066666668]
['chr1', 200587352, 'T', 61, 0.9672131147540983, 0.6271186440677966, 0.06557377049180328, 0.06779661016949153, 4, 0.06779661016949153, 16.5, 1.0, 0.06557377049180328, 12.0, 26.5, 0.5, 52.43792500000001, 38.69090909090909, 0.6727272727272727, 0.9016393442622951, 28.345454545454544, 5.818181818181818, 0.2909090909090909, 65.18459272727273, 0.0300820419325433, 16.5, 12.0, 26.5, 0.5, 52.43792500000001, 0.029438001784121322, 38.175438596491226, 28.05263157894737, 6.2105263157894735, 0.2807017543859649, 64.9675894736842]
['chr1', 200596016, 'G', 78, 0.9358974358974359, 0.589041095890411, 0.05128205128205128, 0.0547945205479452, 4, 0.0547945205479452, 26.5, 1.0, 0.05128205128205128, 27.0, 13.0, 0.0, 55.693675, 38.405797101449274, 0.5652173913043478, 0.8846153846153846, 38.14492753623188, 10.217391304347826, 0.057971014492753624, 64.1098956521739, 0.038461538461538464, 26.5, 27.0, 13.0, 0.0, 55.693675, 0.03617747440273038, 38.16216216216216, 37.82432432432432, 9.527027027027026, 0.05405405405405406, 64.31832027027026]
['chr1', 200599886, 'A', 72, 0.9583333333333334, 0.5507246376811594, 0.05555555555555555, 0.057971014492753624, 4, 0.057971014492753624, 22.75, 1.0, 0.05555555555555555, 11.25, 0.0, 0.0, 65.708625, 40.92307692307692, 0.5846153846153846, 0.9027777777777778, 34.10769230769231, 2.353846153846154, 0.015384615384615385, 73.02952615384616, 0.03307888040712468, 22.75, 11.25, 0.0, 0.0, 65.708625, 0.031630170316301706, 40.970588235294116, 34.794117647058826, 2.25, 0.014705882352941176, 73.00616470588237]
['chr1', 200604354, 'G', 78, 0.9230769230769231, 0.5138888888888888, 0.05128205128205128, 0.06944444444444445, 4, 0.056338028169014086, 13.75, 1.0, 0.05128205128205128, 12.75, 7.0, 0.0, 55.49835, 38.985074626865675, 0.5522388059701493, 0.8589743589743589, 35.28358208955224, 6.985074626865671, 0.0, 70.78926417910449, 0.02062242219722535, 13.75, 12.75, 7.0, 0.0, 55.49835, 0.01917044266294876, 38.54794520547945, 35.342465753424655, 6.835616438356165, 0.0136986301369863, 70.27862739726027]
['chr1', 200624541, 'A', 59, 0.9152542372881356, 0.5370370370370371, 0.06779661016949153, 0.07407407407407407, 4, 0.07407407407407407, 17.5, 1.0, 0.06779661016949153, 16.75, 0.0, 0.0, 60.844725, 38.12, 0.58, 0.847457627118644, 30.54, 4.66, 0.18, 65.2959, 0.0354251012145749, 17.5, 16.75, 0.0, 0.0, 60.844725, 0.03216911764705882, 38.29090909090909, 30.327272727272728, 4.927272727272728, 0.16363636363636364, 64.72354545454546]
['chr1', 200628480, 'C', 61, 0.9672131147540983, 0.5254237288135594, 0.06557377049180328, 0.06779661016949153, 4, 0.06779661016949153, 7.0, 1.0, 0.06557377049180328, 37.75, 0.0, 0.0, 67.714325, 31.509090909090908, 0.5636363636363636, 0.9016393442622951, 30.745454545454546, 5.109090909090909, 0.0, 67.41654363636364, 0.01590005678591709, 7.0, 37.75, 0.0, 0.0, 67.714325, 0.01551246537396122, 31.17543859649123, 31.12280701754386, 5.7368421052631575, 0.0, 67.19140175438596]
['chr1', 200655327, 'C', 60, 0.9333333333333333, 0.5, 0.06666666666666667, 0.07142857142857142, 4, 0.07142857142857142, 16.5, 1.0, 0.06666666666666667, 25.75, 0.0, 0.0, 73.1464, 36.44230769230769, 0.5384615384615384, 0.8666666666666667, 34.84615384615385, 8.346153846153847, 0.6730769230769231, 67.55207115384616, 0.033656297807241206, 16.5, 25.75, 0.0, 0.0, 73.1464, 0.031000469704086424, 36.839285714285715, 35.357142857142854, 7.928571428571429, 0.7321428571428571, 67.12870892857141]
['chr1', 200665452, 'A', 52, 0.8846153846153846, 0.6521739130434783, 0.07692307692307693, 0.08695652173913043, 4, 0.08695652173913043, 11.0, 1.0, 0.07692307692307693, 37.75, 5.5, 0.0, 45.78385, 34.23809523809524, 0.6190476190476191, 0.8076923076923077, 34.19047619047619, 1.9047619047619047, 0.21428571428571427, 67.58709285714286, 0.029689608636977057, 11.0, 37.75, 5.5, 0.0, 45.78385, 0.026206075044669448, 34.0625, 34.229166666666664, 2.8125, 0.20833333333333334, 67.01818125]
['chr1', 200680576, 'A', 61, 0.9180327868852459, 0.6428571428571429, 0.08196721311475409, 0.10714285714285714, 5, 0.09090909090909091, 22.4, 1.0, 0.08196721311475409, 22.4, 15.0, 0.6, 53.72758, 34.6, 0.6, 0.819672131147541, 30.28, 9.94, 0.72, 66.13247799999999, 0.06080347448425624, 22.4, 22.4, 15.0, 0.6, 53.72758, 0.05569368473396321, 34.527272727272724, 29.236363636363638, 9.454545454545455, 0.7090909090909091, 66.01772363636364]
['chr1', 200684637, 'C', 86, 0.9302325581395349, 0.6, 0.09302325581395349, 0.0875, 7, 0.0875, 32.42857142857143, 1.0, 0.08139534883720931, 23.714285714285715, 11.285714285714286, 0.5714285714285714, 64.03231428571428, 38.38356164383562, 0.6575342465753424, 0.8488372093023255, 29.602739726027398, 12.465753424657533, 3.1780821917808217, 58.75468356164384, 0.07494222515681742, 33.625, 26.625, 9.875, 0.5, 63.465774999999994, 0.08223784775298074, 38.48717948717949, 29.346153846153847, 13.307692307692308, 3.1025641025641026, 58.08407564102565]
['chr1', 200689032, 'G', 103, 0.941747572815534, 0.6185567010309279, 0.0970873786407767, 0.10309278350515463, 10, 0.10309278350515463, 38.0, 1.0, 0.0970873786407767, 31.7, 14.1, 4.8, 55.13587, 39.666666666666664, 0.6896551724137931, 0.8446601941747572, 31.402298850574713, 7.9655172413793105, 3.0919540229885056, 60.112403448275856, 0.09919081179848603, 38.0, 31.7, 14.1, 4.8, 55.13587, 0.09389671361502347, 39.43010752688172, 31.225806451612904, 7.838709677419355, 3.010752688172043, 60.06214086021505]
['chr1', 200718106, 'A', 91, 0.9120879120879121, 0.6385542168674698, 0.4725274725274725, 0.4578313253012048, 8, 0.0963855421686747, 29.25, 1.0, 0.08791208791208792, 17.5, 4.375, 1.375, 63.7257, 38.10666666666667, 0.6, 0.4945054945054945, 28.373333333333335, 7.8533333333333335, 0.56, 63.52849333333333, 0.07567917205692108, 35.51162790697674, 25.511627906976745, 7.325581395348837, 0.4418604651162791, 64.27860697674419, 0.4577338129496403, 37.6875, 28.145833333333332, 9.791666666666666, 0.75, 60.61038958333333]
['chr1', 200720900, 'T', 68, 0.8970588235294118, 0.5081967213114754, 0.08823529411764706, 0.08196721311475409, 5, 0.08196721311475409, 39.0, 1.0, 0.07352941176470588, 29.6, 4.2, 4.4, 46.819399999999995, 31.767857142857142, 0.5535714285714286, 0.8235294117647058, 31.696428571428573, 10.017857142857142, 5.660714285714286, 57.41596071428571, 0.09878419452887538, 39.5, 26.166666666666668, 3.5, 3.6666666666666665, 50.8495, 0.10589812332439678, 32.274193548387096, 30.467741935483872, 9.46774193548387, 5.306451612903226, 57.95167741935484]
['chr1', 200720904, 'T', 68, 0.8970588235294118, 0.5245901639344263, 0.11764705882352941, 0.09836065573770492, 6, 0.09836065573770492, 36.0, 1.0, 0.08823529411764706, 26.0, 11.5, 5.0, 41.77725, 34.763636363636365, 0.5818181818181818, 0.8088235294117647, 32.92727272727273, 9.690909090909091, 5.618181818181818, 57.770290909090924, 0.10150375939849623, 35.0, 22.375, 8.625, 4.75, 47.0204375, 0.11965811965811966, 34.333333333333336, 31.783333333333335, 9.316666666666666, 5.216666666666667, 58.34293666666667]
['chr1', 200803615, 'T', 78, 0.9102564102564102, 0.5774647887323944, 0.0641025641025641, 0.08450704225352113, 5, 0.07142857142857142, 35.0, 1.0, 0.0641025641025641, 10.4, 0.0, 0.4, 70.6806, 37.8, 0.5538461538461539, 0.8333333333333334, 37.184615384615384, 6.369230769230769, 1.7846153846153847, 68.03966615384614, 0.06648936170212766, 35.0, 10.4, 0.0, 0.4, 70.6806, 0.06097560975609756, 37.43055555555556, 35.02777777777778, 8.73611111111111, 1.6944444444444444, 65.920625]
['chr1', 200806775, 'G', 66, 0.9545454545454546, 0.6507936507936508, 0.18181818181818182, 0.19047619047619047, 10, 0.15873015873015872, 37.0, 1.0, 0.15151515151515152, 17.9, 4.3, 1.4, 65.96405000000001, 38.62264150943396, 0.7735849056603774, 0.6212121212121212, 37.81132075471698, 1.9433962264150944, 5.773584905660377, 68.47009999999999, 0.15308233347124534, 41.166666666666664, 48.416666666666664, 0.0, 8.0, 65.01508333333332, 0.19665605095541402, 37.370370370370374, 31.074074074074073, 2.814814814814815, 4.444444444444445, 68.20381851851852]
['chr1', 200806777, 'G', 72, 0.9305555555555556, 0.5970149253731343, 0.2638888888888889, 0.2537313432835821, 10, 0.14925373134328357, 34.8, 1.0, 0.1388888888888889, 15.9, 4.3, 1.4, 65.96405000000001, 40.59649122807018, 0.7017543859649122, 0.5555555555555556, 38.73684210526316, 1.5964912280701755, 6.0701754385964914, 68.73951578947369, 0.13072877535687452, 39.578947368421055, 47.0, 1.3157894736842106, 8.210526315789474, 63.93892631578947, 0.2686673812075741, 39.36538461538461, 32.11538461538461, 2.576923076923077, 4.538461538461538, 68.78825192307691]
['chr1', 200817165, 'T', 62, 0.9354838709677419, 0.6896551724137931, 0.0967741935483871, 0.06896551724137931, 4, 0.06896551724137931, 35.75, 1.0, 0.06451612903225806, 15.75, 4.75, 7.5, 31.65705, 36.74074074074074, 0.6666666666666666, 0.8709677419354839, 32.22222222222222, 11.944444444444445, 3.4444444444444446, 54.82036851851852, 0.06723084156088388, 36.166666666666664, 20.0, 3.1666666666666665, 9.0, 31.521366666666665, 0.09627329192546584, 36.375, 31.732142857142858, 11.517857142857142, 3.392857142857143, 55.121426785714284]
['chr1', 200833008, 'T', 70, 0.9142857142857143, 0.578125, 0.05714285714285714, 0.0625, 4, 0.0625, 28.0, 1.0, 0.05714285714285714, 25.75, 7.25, 0.0, 65.54515, 37.43333333333333, 0.55, 0.8571428571428571, 34.766666666666666, 4.033333333333333, 0.1, 71.6946766666667, 0.04749787955894826, 28.0, 25.75, 7.25, 0.0, 65.54515, 0.04349514563106796, 37.31818181818182, 34.84848484848485, 3.6666666666666665, 0.09090909090909091, 71.8449484848485]
['chr1', 200882941, 'C', 40, 0.8, 0.5, 0.3, 0.375, 4, 0.125, 34.25, 1.0, 0.1, 17.5, 9.0, 1.0, 57.48775, 36.75, 0.5714285714285714, 0.4, 24.535714285714285, 38.392857142857146, 0.39285714285714285, 43.399125000000005, 0.11749571183533447, 33.583333333333336, 23.25, 24.0, 0.16666666666666666, 56.479291666666676, 0.27377717391304346, 38.17857142857143, 21.785714285714285, 52.82142857142857, 0.5, 30.102678571428573]
['chr1', 200882950, 'A', 37, 0.7837837837837838, 0.5517241379310345, 0.13513513513513514, 0.1724137931034483, 5, 0.1724137931034483, 24.6, 1.0, 0.13513513513513514, 27.6, 33.8, 1.2, 39.458600000000004, 35.708333333333336, 0.5416666666666666, 0.6486486486486487, 27.583333333333332, 37.75, 0.375, 45.2085625, 0.12551020408163266, 24.6, 27.6, 33.8, 1.2, 39.458600000000004, 0.0984, 35.21875, 24.03125, 48.8125, 0.28125, 36.297046875]
['chr1', 200882954, 'A', 36, 0.8055555555555556, 0.5517241379310345, 0.1388888888888889, 0.1724137931034483, 5, 0.1724137931034483, 26.8, 1.0, 0.1388888888888889, 24.2, 30.6, 1.4, 44.9906, 34.333333333333336, 0.5416666666666666, 0.6666666666666666, 28.125, 38.416666666666664, 0.3333333333333333, 44.056062499999996, 0.13987473903966596, 26.8, 24.2, 30.6, 1.4, 44.9906, 0.11251049538203191, 34.096774193548384, 24.516129032258064, 47.96774193548387, 0.25806451612903225, 36.51114516129032]
['chr1', 200915758, 'T', 54, 0.8518518518518519, 0.5, 0.07407407407407407, 0.10869565217391304, 4, 0.08888888888888889, 11.0, 1.0, 0.07407407407407407, 30.0, 11.5, 7.0, 40.983375, 34.829268292682926, 0.5609756097560976, 0.7592592592592593, 36.26829268292683, 9.292682926829269, 5.097560975609756, 59.324085365853655, 0.029891304347826088, 11.0, 30.0, 11.5, 7.0, 40.983375, 0.026112759643916916, 33.48979591836735, 36.06122448979592, 9.428571428571429, 4.8979591836734695, 58.742916326530604]
['chr1', 200915811, 'C', 77, 0.8961038961038961, 0.5362318840579711, 0.14285714285714285, 0.13043478260869565, 9, 0.13043478260869565, 39.22222222222222, 1.0, 0.11688311688311688, 15.666666666666666, 7.666666666666667, 0.0, 66.27035555555555, 38.016666666666666, 0.6166666666666667, 0.7792207792207793, 27.916666666666668, 10.583333333333334, 7.5, 55.75273833333333, 0.1340167046317388, 35.18181818181818, 17.818181818181817, 6.2727272727272725, 0.09090909090909091, 65.94847272727272, 0.13253424657534246, 38.378787878787875, 27.848484848484848, 12.454545454545455, 7.303030303030303, 54.53967878787879]
['chr1', 200915813, 'C', 78, 0.8974358974358975, 0.5285714285714286, 0.15384615384615385, 0.14285714285714285, 10, 0.14285714285714285, 41.5, 1.0, 0.1282051282051282, 16.0, 6.9, 0.0, 66.46968999999999, 38.38333333333333, 0.6166666666666667, 0.7692307692307693, 27.916666666666668, 10.583333333333334, 7.5, 55.75273833333333, 0.1526857983811626, 37.0, 19.666666666666668, 5.75, 0.9166666666666666, 66.39140833333333, 0.15195071868583163, 38.12307692307692, 27.384615384615383, 12.646153846153846, 7.246153846153846, 54.440289230769224]
['chr1', 200915828, 'A', 89, 0.898876404494382, 0.5375, 0.20224719101123595, 0.175, 14, 0.175, 28.285714285714285, 1.0, 0.15730337078651685, 33.5, 2.642857142857143, 6.071428571428571, 70.18919285714286, 35.22727272727273, 0.5606060606060606, 0.7415730337078652, 25.045454545454547, 9.333333333333334, 5.53030303030303, 57.78146515151514, 0.14553472987872107, 29.666666666666668, 31.0, 2.0555555555555554, 5.444444444444445, 68.2672, 0.1775856335217825, 35.32857142857143, 25.52857142857143, 9.842857142857143, 5.485714285714286, 57.50289]
['chr1', 200926875, 'T', 62, 0.8870967741935484, 0.6727272727272727, 0.06451612903225806, 0.07272727272727272, 4, 0.07272727272727272, 13.75, 1.0, 0.06451612903225806, 19.75, 7.5, 1.25, 54.395875, 36.666666666666664, 0.6470588235294118, 0.8225806451612904, 34.1764705882353, 15.019607843137255, 0.058823529411764705, 62.816966666666666, 0.028571428571428574, 13.75, 19.75, 7.5, 1.25, 54.395875, 0.0253690036900369, 36.43103448275862, 34.1551724137931, 14.793103448275861, 0.05172413793103448, 62.302612068965516]
['chr1', 200941419, 'T', 72, 0.875, 0.5079365079365079, 0.05555555555555555, 0.06349206349206349, 4, 0.06349206349206349, 26.5, 1.0, 0.05555555555555555, 17.5, 14.25, 0.0, 61.972475, 39.25423728813559, 0.5254237288135594, 0.8194444444444444, 38.45762711864407, 6.237288135593221, 0.0847457627118644, 71.7848881355932, 0.04376548307184145, 26.5, 17.5, 14.25, 0.0, 61.972475, 0.038559476173153875, 38.86764705882353, 36.88235294117647, 6.705882352941177, 0.07352941176470588, 70.85283676470587]
['chr1', 200951806, 'T', 51, 0.9215686274509803, 0.6808510638297872, 0.13725490196078433, 0.1276595744680851, 6, 0.1276595744680851, 40.333333333333336, 1.0, 0.11764705882352941, 15.5, 19.666666666666668, 0.8333333333333334, 52.83038333333334, 33.19512195121951, 0.6341463414634146, 0.803921568627451, 29.829268292682926, 13.75609756097561, 0.8536585365853658, 59.55048780487804, 0.15096693699313787, 39.857142857142854, 20.714285714285715, 16.857142857142858, 0.7142857142857143, 54.761514285714284, 0.15933752141633353, 33.45454545454545, 29.75, 14.340909090909092, 0.8181818181818182, 59.294943181818184]
['chr1', 200959329, 'C', 25, 0.84, 0.6190476190476191, 0.16, 0.19047619047619047, 4, 0.19047619047619047, 15.75, 1.0, 0.16, 38.5, 13.5, 0.25, 7.75, 23.058823529411764, 0.5294117647058824, 0.68, 34.05882352941177, 4.117647058823529, 0.0, 42.56977647058824, 0.13846153846153847, 15.75, 38.5, 13.5, 0.25, 7.75, 0.11433756805807622, 23.238095238095237, 32.80952380952381, 9.666666666666666, 0.0, 36.95589047619048]
['chr1', 200984951, 'G', 60, 0.6666666666666666, 0.625, 0.06666666666666667, 0.1, 4, 0.1, 18.25, 1.0, 0.06666666666666667, 30.5, 10.0, 0.0, 54.96055, 33.388888888888886, 0.5833333333333334, 0.6, 34.77777777777778, 1.3055555555555556, 0.0, 72.77165555555555, 0.05725490196078432, 18.25, 30.5, 10.0, 0.0, 54.96055, 0.036980749746707196, 33.94642857142857, 32.839285714285715, 3.375, 0.017857142857142856, 71.20164464285713]
