Estimators: 50	Leaves: 20

5000
[[230221   7408]
 [  8612 229017]]
10000
[[229876   7753]
 [  8524 229105]]
15000
[[230437   7192]
 [  8188 229441]]
20000
[[230252   7377]
 [  8374 229255]]
25000
[[230509   7120]
 [  8545 229084]]
30000
[[230513   7116]
 [  8164 229465]]
35000
[[230000   7629]
 [  8220 229409]]

Estimators: 50	Leaves: 50

5000
[[231459   6170]
 [  7418 230211]]
10000
[[231699   5930]
 [  7362 230267]]
15000
[[231804   5825]
 [  7348 230281]]
20000
[[231403   6226]
 [  7394 230235]]
25000
[[232073   5556]
 [  7668 229961]]
30000
[[231495   6134]
 [  7145 230484]]
35000
[[231901   5728]
 [  7660 229969]]

Estimators: 100	Leaves: 20

5000
[[229868   7761]
 [  7977 229652]]
10000
[[230768   6861]
 [  8064 229565]]
15000
[[230562   7067]
 [  8294 229335]]
20000
[[229999   7630]
 [  8169 229460]]
25000
[[230315   7314]
 [  8115 229514]]
30000
[[230212   7417]
 [  7942 229687]]
35000
[[230563   7066]
 [  7988 229641]]

Estimators: 100	Leaves: 50

 5000
[[231378   6251]
 [  7461 230168]]
10000
[[231614   6015]
 [  7251 230378]]
15000
[[231993   5636]
 [  7882 229747]]
20000
[[231688   5941]
 [  7177 230452]]
25000
[[231502   6127]
 [  7015 230614]]
30000
[[231471   6158]
 [  7037 230592]]
35000
[[231643   5986]
 [  7137 230492]]
40000
[[231559   6070]
 [  7099 230530]]
45000
[[231759   5870]
 [  7332 230297]]
50000
[[231746   5883]
 [  7184 230445]]
55000
[[231747   5882]
 [  7115 230514]]
60000
[[231633   5996]
 [  7332 230297]]
65000
[[231592   6037]
[  7251 230378]]
15000
[[231993   5636]
 [  7882 229747]]
20000
[[231688   5941]
 [  7177 230452]]
25000
[[231502   6127]
 [  7015 230614]]
30000
[[231471   6158]
 [  7037 230592]]
35000
[[231643   5986]
 [  7137 230492]]
40000
[[231559   6070]
 [  7099 230530]]
45000
[[231759   5870]
 [  7332 230297]]
50000
[[231746   5883]
 [  7184 230445]]
55000
[[231747   5882]
 [  7115 230514]]
60000
[[231633   5996]
 [  7332 230297]]
65000
[[231592   6037]
 [  7228 230401]]
70000
[[231614   6015]
 [  7198 230431]]
75000
[[231628   6001]
 [  7234 230395]]
80000
[[231595   6034]
 [  7341 230288]]
85000
[[231625   6004]
 [  7027 230602]]
90000
[[231563   6066]
 [  7055 230574]]
95000
[[231601   6028]
 [  7135 230494]]
100000
[[231776   5853]
 [  7306 230323]]
105000
[[231579   6050]
 [  7065 230564]]
110000
[[231643   5986]
 [  7174 230455]]
115000
[[231703   5926]
 [  7118 230511]]
120000
[[231537   6092]
 [  7228 230401]]
70000
[[231614   6015]
 [  7198 230431]]
75000
[[231628   6001]
 [  7234 230395]]
80000
[[231595   6034]
 [  7341 230288]]
85000
[[231625   6004]
 [  7027 230602]]
90000
[[231563   6066]
 [  7055 230574]]
95000
[[231601   6028]
 [  7135 230494]]
100000
[[231776   5853]
 [  7306 230323]]
105000
[[231579   6050]
 [  7065 230564]]
110000
[[231643   5986]
 [  7174 230455]]
115000
[[231703   5926]
 [  7118 230511]]
120000
[[231537   6092]
 [  6973 230656]]
125000
[[231505   6124]
 [  7000 230629]]
130000
[[231689   5940]
 [  7299 230330]]
135000
[[231601   6028]
 [  7154 230475]]
140000
[[231615   6014]
 [  7187 230442]]
145000
[[231670   5959]
 [  7097 230532]]
150000
[[231640   5989]
 [  7149 230480]]
155000
[[231579   6050]
 [  7013 230616]]
160000
[[231606   6023]
 [  7123 230506]]
165000
[[231719   5910]
 [  7009 230620]]
170000
[[231521   6108]
 [  7116 230513]]
175000
[[231476   6153]
 [  6973 230656]]
125000
[[231505   6124]
 [  7000 230629]]
130000
[[231689   5940]
 [  7299 230330]]
135000
[[231601   6028]
 [  7154 230475]]
140000
[[231615   6014]
 [  7187 230442]]
145000
[[231670   5959]
 [  7097 230532]]
150000
[[231640   5989]
 [  7149 230480]]
155000
[[231579   6050]
 [  7013 230616]]
160000
[[231606   6023]
 [  7123 230506]]
165000
[[231719   5910]
 [  7009 230620]]
170000
[[231521   6108]
 [  7116 230513]]
175000
[[231476   6153]
 [  7107 230522]]
180000
[[231617   6012]
 [  6984 230645]]
185000
[[231681   5948]
 [  7155 230474]]
190000
[[231584   6045]
 [  7166 230463]]
195000
[[231569   6060]
 [  6985 230644]]
200000
[[231449   6180]
 [  7059 230570]]
205000
[[231577   6052]
 [  7207 230422]]
210000
[[231650   5979]
 [  7267 230362]]
215000
[[231521   6108]
 [  7146 230483]]
220000
[[231651   5978]
 [  6996 230633]]
225000
[[231568   6061]
 [  7103 230526]]